823 307 91 101.4 223.1 689.1 421.4 386.7 336.2
145 521 664 492.9 121.5 209.2 891.7 907.4 285.9
553 214 919 226.4 520.8 622.5 38.3 423.6 959.7
875 714 2 123.1 713.7 202.3 376.6 239.4 458.5
481 134 72 660.3 637.4 376.5 916.3 524.1 623.8
37 187 675 166.7 662.1 676.5 125.9 491.5 127.5
319 740 452 350.5 633.1 358.3 64.5 688.3 610.2
928 486 280 977.4 57.4 766.7 269.7 991.7 884.2
642 397 117 640.7 328.5 415.6 651.3 932.1 759.4
207 766 117 81.2 894.5 581.4 744.4 705.5 732.6
757 371 793 352.7 270.6 909.7 677.8 832.1 60.4
81 290 971 410.4 666.1 215.9 726.9 460.7 581.6
259 855 672 287.5 473.3 513.1 17.2 324.6 336.6
918 771 976 641.7 491.7 830.4 542.9 850.3 716.1
949 63 313 862.6 141.5 579.9 187.9 353.9 282.9
900 896 610 470.9 902.2 345.4 214.3 440.9 567.4
206 629 922 314.5 834.4 921.7 809.3 83.6 406.4
325 983 198 393.3 115.2 382.1 618.6 655.2 937.3
666 761 743 497.4 5.4 818.4 468.9 913.6 447.8
520 324 732 881.8 701.9 346.7 882.7 77.3 43.4
182 546 635 339.3 867.7 706.8 959.4 86.9 624.3
386 600 960 950.4 980.1 7.8 715.2 818.8 516.7
892 737 194 634.8 438.3 263.7 774.1 485.4 152.8
818 521 246 837.1 534.7 173.3 71.9 536.9 808.9
667 643 133 297.3 947.5 694.5 352.4 918.3 233.2
769 322 459 440.1 362.5 250.2 59.3 648.2 901.6
566 132 513 831.1 655.3 11.6 837.3 294.1 717.9
277 15 178 711.6 256.1 907.5 748.5 741.5 610.6
210 236 160 773.2 997.8 980.7 209.6 146.7 516.4
306 838 88 674.4 787.7 938.3 94.5 189.6 179.1
653 916 858 493.2 837.3 883.6 426.7 264.4 927.4
264 624 246 768.2 538.1 890.5 652.2 903.8 775.1
425 19 365 825.7 275.6 247.9 509.6 913.7 199.1
433 50 7 49.9 163.3 877.1 540.1 421.9 588.1
674 278 86 582.3 731.5 363.3 151.7 942.1 108.1
93 284 115 826.9 18.6 616.4 279.3 571.4 501.9
437 703 927 387.3 986.2 844.3 364.3 575.6 606.5
91 220 398 163.5 624.9 459.6 374.7 930.9 685.4
197 528 326 364.5 364.6 865.6 391.2 812.1 660.9
639 795 870 640.2 64.1 679.9 480.6 610.7 619.5
13 15 555 28.5 393.5 357.8 470.9 910.3 859.8
751 404 736 929.5 727.5 983.4 989.3 784.6 486.5
990 393 660 932.3 396.4 452.6 84.8 477.4 649.9
47 132 204 476.6 216.5 595.8 795.2 825.1 128.8
877 499 368 675.8 228.3 969.8 477.5 532.1 988.1
506 376 993 757.5 67.2 954.4 244.8 568.9 982.2
786 637 330 940.2 701.1 35.5 535.5 482.5 330.6
519 999 154 356.5 700.1 310.1 651.6 837.9 803.1
438 914 277 673.6 747.2 213.2 743.4 955.3 593.8
476 11 594 256.4 558.8 643.1 546.9 71.9 637.2
521 529 945 94.2 500.8 400.4 644.9 162.8 260.2
682 842 415 422.1 528.7 290.8 540.8 892.9 646.1
325 423 215 227.1 289.4 6.6 186.8 784.4 487.7
195 22 515 881.4 758.6 703.8 953.5 294.7 920.7
19 973 579 231.3 259.8 318.7 555.3 180.9 895.2
84 851 94 650.3 107.9 520.4 40.1 169.2 347.2
23 28 980 93.4 149.8 719.2 953.6 810.5 146.1
284 757 615 781.2 695.9 65.5 192.3 953.7 175.6
728 496 799 440.9 867.7 879.3 475.7 748.1 385.8
58 11 119 764.1 780.1 272.7 889.3 704.7 417.1
656 263 236 328.2 310.4 419.8 667.9 594.9 9.2
12 187 73 546.6 85.4 466.1 409.9 460.8 402.2
282 370 779 335.9 723.9 139.3 600.5 114.8 776.2
727 274 243 145.9 593.4 545.2 941.8 90.3 882.9
988 65 780 609.9 867.3 920.9 593.1 639.4 983.4
344 699 325 430.8 455.1 982.3 660.1 352.5 934.4
258 582 121 220.5 713.3 209.5 894.1 631.5 977.7
335 796 268 401.9 902.2 546.6 114.6 78.1 550.3
121 856 930 911.8 274.9 530.6 285.6 820.9 916.8
242 972 167 115.3 800.1 572.1 627.1 27.7 510.7
538 425 751 305.5 514.9 293.9 76.1 40.9 466.6
195 616 307 807.7 7.6 226.1 855.9 290.9 500.6
759 27 847 921.6 992.3 97.5 143.5 597.8 562.9
426 740 523 351.2 782.2 739.1 16.3 14.4 818.8
416 15 467 544.5 355.8 478.4 57.6 484.1 190.2
715 780 662 381.9 634.3 259.1 539.3 670.2 146.7
570 2 56 461.4 759.7 940.3 412.4 35.5 354.3
771 538 49 217.3 351.8 829.6 347.8 338.3 803.3
431 354 107 775.5 956.5 844.3 8.6 94.6 870.5
128 504 547 43.6 227.2 782.9 6.8 94.9 622.5
955 670 89 299.1 804.5 324.3 411.5 233.7 498.6
273 719 123 597.6 788.7 708.1 161.1 533.2 441.4
742 504 750 900.2 28.8 117.5 845.4 8.9 932.4
333 664 696 140.8 377.6 748.4 61.4 701.3 495.9
870 456 206 634.7 912.4 892.2 434.3 379.9 305.7
873 881 575 866.3 192.3 685.6 192.2 501.7 834.9
15 524 215 788.9 490.9 377.5 238.7 389.5 154.9
731 191 318 439.4 840.3 248.1 199.1 581.2 15.5
627 91 587 343.1 992.3 596.1 17.1 720.5 777.8
531 662 146 597.9 793.5 160.5 627.9 832.2 196.2
328 645 714 621.2 777.4 948.3 947.5 302.3 350.1
508 830 233 621.7 505.6 959.1 325.6 734.9 447.4
950 310 196 870.7 912.2 875.9 560.9 204.4 467.2
681 441 769 808.4 459.1 303.6 431.6 677.9 301.3
715 29 677 701.3 962.7 950.1 516.4 555.8 275.6
982 387 59 243.7 507.8 960.3 518.8 200.4 378.6
997 950 996 253.4 248.3 426.1 158.8 433.2 389.9
975 610 690 488.6 61.5 203.6 656.4 998.9 264.7
422 609 932 666.7 621.5 545.2 176.1 76.8 394.5
73 45 846 829.4 921.3 307.6 847.9 891.8 325.7
476 975 65 171.2 695.6 597.4 363.2 256.2 761.5
540 438 213 940.2 934.1 456.4 421.7 803.6 22.1
202 299 771 718.4 217.8 498.2 386.2 627.4 834.1
330 891 515 727.7 366.3 180.9 464.6 364.8 409.4
103 31 742 792.7 867.6 869.8 428.2 215.2 705.6
944 403 481 111.6 411.2 829.4 831.3 242.6 142.6
461 154 406 471.5 943.2 828.9 507.9 805.8 261.1
649 250 484 259.4 333.7 633.2 366.2 956.9 786.6
577 347 103 525.2 562.6 73.8 39.9 484.3 502.2
90 319 584 231.6 651.1 559.5 527.9 296.7 554.2
646 172 249 954.7 173.6 517.4 680.6 538.8 471.9
439 659 876 867.8 530.7 169.8 531.3 196.6 376.3
11 821 370 894.4 484.5 92.7 480.7 470.3 623.6
454 891 505 44.1 81.9 661.4 59.1 57.8 242.6
647 841 121 986.4 136.6 488.8 131.4 322.2 363.2
605 986 69 832.1 768.2 784.1 309.4 381.2 852.7
390 944 795 988.8 839.8 775.9 93.9 795.7 695.9
241 752 522 892.8 861.8 669.4 865.6 456.4 706.5
701 224 700 739.9 63.7 625.4 236.5 410.9 67.9
179 539 898 482.6 709.2 607.9 150.1 810.4 14.5
163 756 118 827.8 989.5 28.9 775.5 475.3 819.1
540 173 395 592.9 722.9 99.6 762.6 189.8 353.5
27 299 895 378.7 600.4 330.4 915.8 991.3 608.8
166 214 309 612.9 994.8 413.9 824.9 566.9 189.1
788 499 541 219.6 151.8 923.1 573.1 322.9 283.3
900 352 779 591.5 725.1 710.5 467.4 84.2 731.9
270 528 200 292.5 172.2 752.9 760.3 493.2 197.5
851 637 672 222.9 168.6 621.3 700.6 993.1 712.4
370 571 359 388.3 775.2 123.9 602.2 418.2 611.3
510 485 188 803.1 281.8 705.5 338.8 770.4 734.3
804 524 385 586.6 521.7 288.5 872.6 501.7 289.1
344 840 515 731.9 229.5 698.3 521.4 99.2 228.6
910 908 554 32.1 355.7 95.9 288.8 592.4 982.4
876 989 552 313.4 331.9 895.8 538.8 410.8 758.1
118 612 252 370.2 119.1 860.8 735.1 799.3 979.9
267 592 925 12.5 842.2 386.8 449.3 350.5 579.4
616 322 797 617.7 149.9 254.2 108.9 127.9 808.8
426 163 369 905.3 418.2 154.7 176.1 144.1 418.3
224 663 84 591.2 406.9 393.7 71.8 159.5 544.4
244 344 712 974.1 436.7 447.4 444.9 4.3 664.2
577 233 201 534.6 905.7 296.8 766.7 364.8 169.4
780 120 225 596.6 932.5 969.2 967.5 626.6 968.1
122 517 767 596.9 342.6 288.9 104.3 760.7 356.7
769 139 824 53.4 465.3 796.2 430.2 441.1 187.5
404 287 561 881.4 106.7 246.2 608.1 420.3 553.6
222 544 673 449.9 596.8 345.7 743.8 336.7 585.8
61 645 448 615.9 865.6 835.6 944.9 3.7 293.5
853 788 27 431.7 338.4 936.9 458.1 25.1 164.4
107 44 171 454.5 518.4 282.5 379.6 950.8 253.6
938 119 888 66.6 396.3 929.5 101.4 737.3 722.3
821 528 16 65.6 890.3 764.4 768.8 243.9 337.5
537 778 808 457.1 962.6 512.5 572.2 398.5 655.3
721 809 207 704.6 158.4 849.3 409.7 347.8 735.4
598 694 127 746.2 164.7 163.3 266.8 435.9 778.1
93 857 747 535.7 842.7 592.5 146.9 305.7 869.2
529 18 585 380.9 856.7 781.2 187.6 392.5 815.2
495 188 795 100.2 943.5 386.8 429.9 231.3 874.1
893 13 764 201.8 849.8 882.8 947.4 486.5 199.9
39 186 712 312.1 466.3 978.5 457.8 222.1 311.7
868 82 243 242.8 904.1 765.7 601.7 540.1 267.5
340 153 189 245.5 461.3 212.8 620.7 206.8 653.5
378 539 780 359.4 832.6 639.6 57.6 272.3 818.8
193 357 587 873.9 578.2 376.8 836.6 758.6 816.7
249 599 324 797.9 53.4 581.9 29.6 320.6 910.7
875 359 444 733.7 808.1 461.2 450.8 638.5 397.2
513 540 588 664.5 415.8 463.8 986.6 552.8 718.1
487 488 821 897.5 567.1 802.2 277.6 362.3 687.5
864 908 47 791.9 803.6 503.5 841.6 336.3 906.3
601 80 881 572.6 664.7 685.2 209.5 657.5 393.2
341 406 324 522.1 547.2 288.9 818.3 167.6 471.1
126 320 327 119.8 923.6 963.1 821.5 187.1 932.6
186 762 541 884.9 960.9 458.5 397.9 752.3 21.4
224 810 830 669.4 51.9 758.2 163.3 530.7 865.9
904 236 623 955.9 227.8 795.4 303.1 220.9 572.6
934 468 651 97.3 664.5 596.4 49.3 897.5 687.3
300 294 386 859.6 894.5 428.8 104.9 874.1 429.7
334 718 737 690.1 264.7 172.2 445.5 640.9 197.6
658 333 582 28.8 391.4 707.5 212.2 788.8 462.5
438 838 716 249.3 594.5 466.3 147.6 839.8 546.6
365 51 528 506.5 582.6 219.2 138.4 572.9 975.4
890 715 738 905.1 183.8 188.3 361.6 852.6 481.6
515 66 179 861.4 711.4 694.6 91.7 371.3 433.1
302 825 343 93.1 720.6 286.2 586.9 47.8 277.6
331 383 789 11.3 588.6 266.1 630.4 682.3 10.5
561 646 248 959.3 265.8 779.7 819.4 22.4 52.1
343 626 161 321.1 882.3 525.8 579.6 981.1 554.2
630 88 284 571.4 443.5 338.9 952.1 639.3 167.1
193 57 253 784.7 774.9 813.6 341.9 979.4 506.9
246 441 197 108.4 503.4 674.8 773.6 454.9 987.3
163 840 707 712.3 844.9 752.9 753.5 400.6 120.4
300 757 415 522.7 242.3 819.6 139.4 177.6 215.4
801 211 149 713.4 276.5 451.2 709.7 78.2 409.7
198 538 361 928.6 184.9 337.4 386.3 344.6 915.7
686 149 119 500.7 467.9 362.7 399.5 193.6 575.9
258 159 296 966.5 6.1 179.7 873.1 709.6 705.1
113 42 942 512.8 650.5 758.9 657.8 281.7 52.7
157 718 367 982.4 531.8 92.5 510.1 340.3 48.3
971 360 780 617.5 33.1 921.6 465.4 495.5 359.5
382 274 447 841.6 442.3 930.2 617.7 628.5 581.6
291 389 785 498.1 839.8 228.1 838.1 543.5 705.8
390 544 670 779.5 115.3 672.8 213.9 622.8 757.7
462 48 65 631.5 648.5 19.9 958.9 755.7 333.4
504 665 664 113.3 439.4 113.3 216.6 86.1 782.4
273 191 57 42.8 198.4 599.9 578.4 836.7 638.9
133 152 460 854.1 146.3 473.9 570.8 563.8 101.9
976 159 697 595.1 813.9 732.8 493.7 927.9 623.7
824 92 73 247.9 192.9 145.4 310.5 629.7 713.6
101 823 212 553.8 510.3 348.3 869.4 791.5 444.4
847 373 810 286.9 845.9 227.7 306.2 525.7 319.3
169 687 781 840.7 823.8 102.9 491.8 423.1 557.9
800 568 688 836.8 336.6 983.5 723.6 370.1 101.4
648 461 407 658.8 823.6 970.5 735.5 737.8 612.9
657 119 858 189.4 581.4 589.3 630.9 503.2 62.8
926 10 640 720.1 283.7 604.5 550.1 140.6 185.7
375 892 545 319.8 663.1 44.2 334.3 918.4 394.5
329 269 498 978.5 694.6 471.4 884.5 630.7 322.9
436 392 705 165.6 841.2 360.9 191.7 129.2 792.7
163 519 557 441.4 330.3 619.8 862.1 492.1 902.4
616 326 356 61.4 304.2 654.1 167.8 318.7 625.5
85 816 959 492.3 512.4 727.3 240.5 161.4 889.3
896 645 670 463.1 895.3 692.4 509.9 681.5 728.9
839 742 141 585.6 882.3 496.9 413.3 920.5 763.2
335 62 862 971.8 193.9 715.8 482.3 386.9 683.8
194 601 179 716.7 727.9 54.5 524.9 966.7 657.7
570 174 157 588.7 620.7 246.7 721.7 218.9 34.8
165 866 777 684.9 711.4 988.9 271.7 368.7 473.7
659 456 752 815.2 814.2 436.5 439.1 413.5 302.3
224 950 869 498.5 708.5 638.8 714.6 197.6 222.9
309 487 376 569.3 105.6 401.2 841.3 799.8 514.6
916 245 729 313.8 310.8 268.6 866.9 110.4 827.8
452 536 299 821.9 415.4 633.9 621.7 39.4 895.8
930 291 657 890.5 294.4 913.1 523.8 274.3 691.8
646 926 637 40.8 433.8 376.9 203.7 666.4 618.5
756 613 971 512.5 563.9 345.7 370.5 482.2 33.7
796 636 563 376.6 422.3 246.7 28.7 146.5 167.8
340 52 167 676.9 115.9 406.4 306.4 993.2 193.6
156 416 690 984.4 238.3 373.3 624.6 286.1 157.2
684 773 748 563.6 637.9 450.8 404.6 503.5 378.5
165 254 346 263.3 585.2 363.9 53.9 899.4 876.7
973 974 528 592.9 607.3 108.4 269.3 597.3 162.9
321 410 736 649.9 170.5 510.7 567.9 252.8 136.2
654 642 414 476.5 176.6 136.7 557.7 124.7 18.3
681 311 879 398.3 595.8 838.1 28.8 685.3 794.7
663 375 433 678.2 62.6 500.6 784.1 229.2 463.5
609 874 508 27.3 409.1 328.9 622.2 644.8 343.1
338 183 975 516.4 545.6 106.7 394.9 248.4 450.2
137 334 8 320.4 79.2 357.1 64.3 497.2 972.9
512 544 166 43.7 688.8 188.4 369.3 864.3 470.9
585 284 907 925.7 578.5 70.5 340.5 986.1 121.6
898 658 463 299.6 601.7 137.7 14.1 661.5 515.6
656 302 271 571.5 900.1 677.4 308.6 95.1 32.3
54 17 459 314.6 279.6 695.1 156.6 710.1 477.5
170 96 509 686.5 928.7 507.5 417.5 458.9 494.1
708 106 13 569.3 889.9 395.7 341.2 165.5 471.8
902 834 58 122.5 534.9 447.9 664.1 468.1 560.7
437 657 878 940.6 657.4 200.4 979.7 281.2 831.3
567 681 928 618.7 144.4 186.5 313.9 246.1 909.2
25 757 558 990.5 927.7 990.9 739.6 644.2 393.5
227 963 46 17.8 586.9 247.1 976.7 373.9 674.8
901 975 306 513.1 501.7 47.4 130.4 803.7 332.6
247 445 663 174.4 19.9 750.9 522.1 740.6 701.3
628 149 555 440.4 630.4 161.3 482.8 118.4 366.2
413 658 584 293.4 848.1 316.3 995.2 670.9 526.7
471 268 657 931.5 358.6 514.8 34.4 919.6 699.8
253 259 416 858.2 182.4 318.9 57.4 617.7 796.4
923 858 886 635.5 242.5 234.8 407.3 19.9 514.9
752 865 109 317.5 366.9 798.4 699.7 762.1 482.9
932 950 890 829.9 269.5 657.3 369.2 231.8 772.8
760 721 657 510.9 450.4 622.8 454.8 815.7 143.9
495 504 879 44.2 699.6 623.4 89.4 584.8 731.2
291 959 268 564.8 944.1 361.3 325.7 62.8 774.1
900 60 641 509.8 19.6 359.5 801.9 829.5 282.1
249 550 900 66.3 349.5 291.9 647.6 287.5 711.1
708 773 442 480.6 807.5 350.6 987.9 612.3 257.2
157 25 226 609.3 107.4 962.9 732.8 154.5 564.1
711 246 746 35.8 662.8 672.8 230.2 785.7 301.7
286 281 87 730.1 567.5 232.9 644.1 321.7 855.8
285 484 849 523.5 860.7 863.6 1.4 682.8 771.6
81 98 621 225.6 879.5 345.5 79.4 640.3 406.2
179 195 65 790.3 907.2 349.6 991.9 411.6 886.6
584 909 593 214.6 85.1 934.6 770.9 156.9 363.2
15 695 292 594.4 457.9 706.3 202.9 737.7 675.2
158 349 838 528.3 370.6 522.2 490.3 652.8 87.6
927 376 692 201.7 424.4 574.6 743.4 245.4 329.9
181 877 502 467.3 978.3 880.2 278.3 898.6 960.6
977 209 148 40.9 888.7 591.3 44.8 338.9 386.3
730 130 138 845.6 334.9 22.4 98.5 978.3 107.5
919 581 26 165.2 105.8 439.2 75.3 313.4 880.9
739 293 510 724.2 574.1 109.1 563.2 63.5 906.8
682 250 545 100.2 899.7 142.5 292.3 884.2 630.8
955 520 697 185.8 737.9 42.5 341.8 392.5 395.2
318 85 410 463.7 331.2 274.9 113.3 130.2 395.8
972 526 622 644.4 444.7 108.5 591.8 801.5 709.7
826 920 140 602.9 729.4 950.4 57.6 919.3 597.6
952 93 696 797.8 827.6 758.9 188.5 12.9 81.1
193 919 336 223.5 218.1 976.6 73.1 320.6 197.8
298 395 728 243.4 729.7 833.1 986.9 433.7 228.8
191 298 734 61.2 614.8 104.9 147.9 741.9 242.2
533 489 630 561.4 174.2 195.4 645.7 174.7 892.7
9 813 2 35.5 172.8 527.7 177.9 612.7 620.7
468 545 260 952.1 865.8 45.9 403.1 492.4 243.8
902 676 734 915.1 662.2 522.2 549.7 747.2 429.4
448 661 599 915.6 270.3 243.5 166.3 2.6 873.7
371 824 25 689.6 248.9 418.2 125.5 78.4 790.4
715 882 552 981.8 217.9 612.2 989.9 847.5 648.1
814 67 727 988.2 655.5 831.1 82.3 294.7 324.4
198 164 60 966.7 312.7 762.5 559.1 356.1 730.9
630 745 913 578.8 966.4 513.4 939.6 71.1 456.3
768 417 394 554.4 882.2 936.3 207.4 543.5 274.1
964 983 181 337.5 416.5 328.9 183.9 481.7 363.9
584 531 829 545.8 835.5 75.6 290.8 342.3 550.4
20 103 74 585.5 377.2 911.9 454.9 248.7 721.4
164 397 770 515.4 869.7 597.4 142.3 6.4 373.4
442 67 809 693.3 360.1 170.7 452.8 292.5 47.4
526 300 77 549.9 820.8 917.4 295.6 723.6 883.1
40 762 468 124.7 463.3 948.7 655.5 728.7 134.2
500 978 621 19.9 24.8 180.9 839.8 475.7 204.1
641 463 375 203.9 836.2 304.8 368.4 240.9 790.7
579 237 819 320.6 309.2 153.1 49.6 561.8 769.7
463 188 756 9.3 970.7 58.6 52.5 941.5 119.3
568 426 851 735.2 88.6 680.9 255.2 904.1 250.5
142 958 995 296.7 295.9 209.2 827.8 527.6 392.1
187 828 45 897.8 284.5 125.6 219.1 243.3 724.7
717 655 865 388.9 478.1 498.8 162.6 804.9 764.3
140 794 771 347.8 160.8 136.1 786.3 446.4 581.7
269 220 461 636.5 35.8 429.1 470.2 993.5 282.2
601 599 140 64.8 751.5 671.2 433.4 437.1 870.4
53 832 750 953.5 638.8 12.1 172.8 361.1 303.3
236 194 56 735.3 724.6 125.2 258.1 99.1 404.5
305 202 143 571.2 868.3 310.4 643.7 13.2 425.8
406 657 237 888.4 591.5 295.1 898.3 351.5 698.1
528 765 654 775.4 849.3 268.5 93.1 658.5 705.1
626 368 861 117.4 21.7 3.4 291.1 477.9 869.5
955 170 996 49.4 241.9 942.8 951.4 963.4 143.5
556 784 68 758.3 396.6 469.5 106.1 882.1 333.5
568 958 449 930.6 18.3 878.8 399.1 394.8 451.7
695 794 739 968.4 922.2 333.6 378.9 204.6 94.4
367 749 209 490.2 516.3 979.4 519.1 510.7 530.3
659 355 754 16.1 621.3 748.5 233.1 554.2 827.8
119 990 80 60.1 364.2 45.3 978.1 867.2 544.9
511 858 364 217.3 264.6 148.6 969.7 552.5 442.1
370 449 609 996.1 833.4 369.4 851.1 223.2 283.5
160 765 728 833.1 501.6 92.6 972.8 513.2 849.8
813 5 282 247.6 319.1 313.6 782.7 590.7 572.3
144 836 632 918.1 719.2 262.9 234.6 92.9 935.6
31 846 792 549.2 593.6 494.5 176.8 241.2 557.1
650 491 27 11.4 903.3 624.8 890.6 412.9 586.6
33 11 16 10.9 1000.5 274.7 781.8 423.9 821.6
273 519 408 34.8 226.6 908.7 157.6 704.3 688.5
654 464 561 666.5 662.7 607.6 922.8 559.5 817.3
629 384 610 593.7 603.4 788.1 712.6 842.7 303.9
607 48 5 933.2 226.6 33.2 616.2 340.5 894.2
101 130 98 287.5 38.3 300.8 747.1 340.2 731.6
192 364 511 601.5 995.2 926.4 37.6 849.1 102.5
685 108 547 203.1 812.3 603.9 578.4 241.9 727.8
243 432 958 168.7 335.5 796.9 514.4 462.4 166.3
624 68 71 135.3 849.6 68.2 517.5 874.5 114.9
327 658 533 892.1 960.8 593.6 575.1 825.8 44.3
983 324 564 630.9 515.7 659.8 955.6 270.7 354.9
927 844 930 649.8 924.1 558.7 349.4 915.7 695.8
695 600 465 174.9 489.6 962.9 917.7 116.6 194.4
4 902 359 248.4 142.8 195.1 694.6 162.8 310.3
547 44 662 386.2 16.6 75.5 645.9 970.2 11.8
792 197 223 200.9 958.2 754.2 100.7 525.2 426.9
914 758 666 551.8 744.8 79.9 404.5 652.6 425.4
636 612 253 593.9 368.1 535.1 859.1 221.5 785.1
621 160 624 363.6 229.2 258.1 57.1 556.3 732.2
356 684 725 594.9 260.2 43.1 65.7 889.1 259.6
163 270 386 868.3 103.4 371.5 248.1 608.5 858.8
747 549 59 867.4 225.9 11.4 125.9 896.9 930.9
686 966 8 122.7 453.1 41.3 7.3 269.2 191.9
651 118 74 918.1 861.9 457.2 286.6 350.8 962.7
335 878 893 405.5 347.2 737.8 528.9 380.6 866.4
744 658 736 689.8 525.4 893.8 910.6 291.1 948.5
810 106 146 609.1 592.2 815.7 313.6 23.8 733.8
491 788 454 274.8 464.8 306.5 44.3 80.5 781.6
22 463 154 723.7 299.9 149.6 95.4 814.1 102.4
974 536 899 137.8 393.5 574.1 207.8 217.7 75.5
200 78 198 708.4 643.5 72.1 97.5 46.4 645.7
393 805 676 933.9 12.3 942.4 303.8 964.9 963.6
214 406 954 635.2 606.5 269.2 748.9 919.1 522.5
443 182 251 97.5 399.9 291.5 484.6 240.8 308.5
555 182 762 266.4 616.9 921.7 748.5 807.6 788.4
790 698 953 909.3 513.9 353.1 130.9 862.5 580.8
177 501 651 461.5 4.1 167.2 912.2 122.8 619.9
467 898 450 894.8 866.5 935.3 530.4 28.9 387.1
175 231 376 349.6 85.1 45.4 860.5 275.7 534.9
57 969 528 886.7 691.3 947.6 855.4 658.7 516.3
472 58 466 615.8 420.3 453.1 432.8 289.2 518.8
235 60 97 810.9 698.7 931.9 17.2 820.7 465.9
369 926 152 227.8 349.5 814.7 265.6 622.4 159.6
623 966 648 960.6 689.3 875.6 846.2 633.7 481.5
514 97 922 214.2 334.5 941.5 478.7 917.2 460.4
347 199 877 136.2 346.4 1000.5 326.9 308.7 55.4
245 363 247 292.2 76.9 727.3 730.3 590.1 974.2
483 318 36 787.7 681.4 292.9 273.6 566.7 821.9
677 736 393 250.3 365.7 939.5 424.6 665.3 748.9
190 281 843 141.2 665.2 236.1 200.7 160.1 752.2
923 712 963 266.8 616.5 514.1 802.3 588.1 586.4
406 34 294 270.4 23.1 118.2 710.9 752.4 311.5
100 4 539 976.7 746.3 930.3 397.6 762.6 532.8
131 298 607 246.7 924.1 858.2 69.8 861.4 567.5
978 118 950 827.7 408.2 200.6 81.4 944.6 326.3
845 288 174 226.9 717.2 461.5 415.1 626.4 231.2
827 604 371 119.7 653.3 162.3 508.3 924.8 157.1
914 298 860 900.9 585.1 583.9 965.7 845.3 541.4
985 578 471 25.6 441.6 988.6 419.6 914.4 939.7
960 377 581 338.1 292.1 493.7 700.3 510.5 461.9
586 112 174 453.4 594.5 628.1 964.6 585.7 752.5
775 293 75 529.3 666.4 14.3 454.3 392.8 798.5
699 632 902 736.1 900.1 436.8 443.7 593.7 980.4
77 962 389 500.3 976.3 828.3 264.6 838.1 787.7
326 342 514 633.9 338.2 48.8 136.9 150.8 244.1
822 829 32 604.6 859.6 31.2 518.6 551.5 763.1
221 705 409 497.9 870.9 857.6 734.8 953.8 320.9
646 869 939 919.3 785.4 171.9 295.2 774.1 978.7
99 607 164 630.3 692.8 133.2 618.7 906.2 272.1
272 468 615 69.9 122.1 136.3 511.6 65.5 913.3
206 259 519 438.1 667.6 302.5 423.2 484.3 340.9
993 80 419 350.9 593.4 113.2 678.9 1000.1 717.6
731 953 924 223.2 209.4 32.7 431.7 467.5 273.2
683 202 234 641.3 429.8 29.8 814.3 572.7 337.7
997 87 74 749.5 560.5 189.3 895.2 807.3 305.6
284 680 588 250.2 995.3 157.3 462.3 27.5 89.5
657 995 990 664.9 348.4 809.9 542.4 106.7 145.1
998 445 268 722.1 835.6 422.8 608.9 785.9 648.9
885 828 66 325.2 720.1 201.6 570.4 645.9 163.2
595 477 127 5.9 375.8 443.9 125.9 903.8 222.5
108 256 1000 630.7 655.1 857.5 863.6 973.3 372.6
346 943 53 42.4 245.6 482.9 91.5 98.3 964.2
937 680 291 797.5 171.4 691.5 186.9 787.6 333.7
552 586 186 944.4 82.8 177.2 122.7 412.4 560.5
682 541 818 325.5 349.4 400.3 409.4 194.6 758.7
557 998 278 338.9 72.1 421.6 567.7 735.5 30.9
884 573 266 695.2 450.7 162.4 885.3 446.3 889.6
362 858 47 332.6 62.8 51.1 249.2 771.1 661.2
601 781 697 309.2 768.8 552.9 566.2 157.3 259.3
800 908 340 849.7 975.3 500.1 358.3 421.8 161.8
694 810 143 269.8 835.9 392.1 695.6 168.5 835.7
132 127 348 396.7 545.2 208.1 276.7 573.3 370.3
873 814 5 241.4 858.6 501.2 275.5 93.9 372.6
711 294 595 632.5 294.8 772.3 43.2 357.5 119.2
821 104 850 438.8 571.8 621.5 700.4 587.8 834.9
531 521 382 522.3 935.5 534.2 273.5 730.8 756.7
905 536 423 237.4 350.1 183.2 355.3 453.5 610.6
206 106 229 16.8 776.1 13.9 410.5 931.5 765.2
664 284 63 291.4 77.9 40.9 295.7 740.5 177.6
684 110 382 103.1 156.3 781.1 874.9 698.6 180.4
927 598 145 334.9 946.9 452.8 680.8 180.6 39.6
512 498 795 731.5 449.7 339.9 733.9 418.7 346.5
644 957 425 815.6 589.5 607.7 282.9 67.2 978.5
655 788 27 319.8 359.5 897.6 919.2 938.2 746.6
380 146 597 105.2 300.5 396.8 99.1 807.8 399.4
915 878 224 138.6 387.1 276.5 12.4 522.6 934.1
303 258 424 195.4 361.9 657.4 444.3 947.4 264.6
24 504 588 216.8 986.9 23.7 646.1 730.2 512.2
271 468 32 714.3 319.7 163.5 919.6 322.6 286.5
648 818 523 31.5 680.4 714.8 645.3 656.9 134.8
775 595 947 589.4 135.3 500.6 653.2 558.9 422.1
697 275 948 741.2 965.9 270.7 13.4 14.1 180.5
390 284 820 633.9 169.5 744.8 260.5 677.6 19.5
823 363 730 993.6 12.3 21.5 487.7 344.1 687.5
128 869 723 232.8 634.3 781.8 217.4 865.2 328.3
416 117 385 883.8 708.8 770.9 436.1 438.7 886.8
315 114 347 161.5 410.2 649.7 126.3 389.8 761.2
752 852 557 476.9 284.9 959.2 663.4 584.5 771.5
72 294 681 466.8 555.4 789.4 21.5 77.5 271.9
230 995 871 94.3 239.4 885.9 127.4 435.5 859.8
441 112 461 873.7 701.3 948.6 791.2 546.6 752.6
469 853 483 489.8 532.4 39.8 262.5 116.9 589.3
316 259 980 563.2 952.7 48.8 668.9 37.7 677.7
66 490 816 688.3 906.6 37.8 45.1 136.4 95.3
481 277 290 580.3 661.9 652.1 102.3 284.9 677.5
202 731 835 110.2 755.5 997.8 612.9 938.3 617.4
84 198 730 938.5 815.6 877.4 99.7 308.5 633.7
106 942 430 884.4 692.6 455.4 928.3 150.9 240.8
445 450 368 596.8 118.5 686.5 259.6 142.1 739.1
339 353 795 131.9 504.7 752.5 98.2 844.2 664.8
243 236 405 405.9 808.1 157.5 898.8 427.2 740.5
432 678 465 651.9 833.6 945.8 27.4 806.3 864.6
544 87 57 585.4 927.4 253.8 841.7 192.4 600.4
590 60 421 417.6 360.7 2.4 926.9 426.9 921.9
842 394 817 294.4 392.8 945.5 984.1 815.7 914.3
936 31 538 319.4 877.8 789.8 667.5 634.8 744.5
161 486 601 940.5 843.3 624.2 313.2 363.1 592.8
306 657 408 483.3 465.9 961.7 340.6 147.1 588.5
186 894 684 364.5 992.3 771.2 274.8 590.4 588.8
407 537 898 953.8 848.6 462.8 94.8 792.8 225.3
79 436 590 19.6 193.6 710.4 131.4 621.4 148.5
472 907 238 390.8 99.2 330.7 869.3 994.5 46.4
544 788 579 142.3 915.8 111.2 409.9 272.7 885.4
759 646 401 832.1 814.1 10.5 337.7 951.3 831.4
878 334 208 8.3 630.5 211.5 543.9 107.2 645.3
256 246 944 434.8 899.4 4.5 573.8 689.4 975.4
295 586 275 57.3 972.4 539.8 562.9 682.9 808.7
220 869 445 523.6 907.4 184.4 808.4 765.6 414.8
722 537 364 625.2 289.3 716.7 523.7 221.9 20.6
230 412 985 616.3 725.9 259.6 469.9 807.3 489.4
334 740 470 255.9 920.1 930.3 472.5 293.7 655.6
260 881 982 246.5 526.8 836.8 364.9 287.5 988.9
632 870 541 751.9 714.1 157.7 43.1 216.4 265.8
14 878 370 340.6 13.1 355.2 367.6 834.2 973.9
159 139 921 875.3 454.9 198.4 979.6 630.6 977.5
468 418 799 977.7 440.7 138.3 83.6 484.4 539.6
406 707 553 167.7 724.5 473.4 777.4 901.4 894.3
214 877 820 968.9 687.8 392.3 644.9 926.2 284.9
741 504 289 693.5 285.4 301.6 286.6 884.1 678.2
540 564 637 580.9 361.1 957.5 741.7 315.7 981.2
495 713 94 54.6 398.7 545.2 51.4 196.2 827.7
637 245 883 519.1 960.1 317.9 183.4 922.8 198.6
852 197 108 869.7 428.5 831.8 682.8 396.5 729.4
821 400 332 173.9 570.3 773.7 785.3 457.2 752.5
999 187 100 564.8 296.9 524.5 133.9 295.6 678.3
366 328 993 837.3 195.6 746.9 385.7 634.2 940.7
153 294 334 146.8 356.2 154.6 696.9 437.8 682.8
629 345 233 192.6 346.9 21.1 861.6 812.6 628.1
211 235 368 982.7 365.8 826.6 103.4 577.8 387.8
738 288 77 728.3 997.8 376.2 490.7 850.9 564.3
751 645 759 656.9 986.7 599.2 346.8 195.1 498.2
516 555 478 138.9 981.5 898.9 388.9 437.2 970.7
356 555 543 524.4 657.1 124.4 736.1 858.7 8.1
700 331 141 860.4 434.9 446.2 185.7 57.9 593.7
36 214 46 210.5 129.7 98.7 529.3 920.5 229.8
705 128 740 243.5 193.9 569.1 45.1 978.5 484.4
164 927 312 199.2 544.9 709.2 311.1 642.2 364.3
760 201 240 317.6 291.1 22.8 603.6 239.5 88.1
519 567 242 493.1 203.3 308.4 425.7 163.1 786.2
97 180 197 697.7 429.1 834.5 891.2 668.3 76.5
338 482 126 153.4 266.4 584.2 944.5 3.2 689.9
597 767 966 928.8 93.4 658.8 250.8 249.3 16.1
48 991 674 67.7 806.5 217.2 644.7 570.4 540.2
742 781 685 867.1 152.9 680.5 736.1 366.2 611.9
992 676 638 768.9 484.3 80.7 225.9 206.1 752.7
992 922 483 519.2 208.6 810.6 476.8 755.5 716.8
576 363 719 654.4 314.6 128.4 483.7 842.1 953.3
654 488 216 367.1 577.2 622.5 963.4 618.5 215.1
592 1000 339 978.1 85.5 161.1 353.8 533.9 406.8
275 974 875 197.1 541.1 371.4 414.8 411.8 663.8
111 444 250 222.8 915.8 175.4 834.3 209.9 510.1
298 690 958 88.4 390.1 41.7 565.7 495.1 886.6
194 741 826 372.9 202.5 594.6 452.1 330.6 951.9
244 759 294 532.2 257.4 158.1 387.1 697.2 478.7
174 380 187 281.1 232.1 667.6 896.5 676.9 90.9
931 898 178 514.7 31.1 491.7 83.8 940.4 178.9
761 818 813 253.8 272.5 864.2 415.9 628.7 673.6
542 252 341 858.9 685.1 436.5 350.7 949.8 676.9
578 211 424 582.5 296.8 762.7 611.2 353.3 756.7
894 222 792 191.6 429.6 751.7 128.2 40.1 192.6
279 752 843 766.9 111.1 95.6 27.4 475.9 853.6
185 960 110 531.3 573.8 415.9 730.2 419.7 372.1
454 528 134 877.2 450.7 988.8 320.3 866.3 268.8
484 849 900 651.5 276.9 809.3 539.7 117.8 791.6
275 114 90 592.1 92.1 899.2 460.5 800.1 369.8
307 79 816 871.1 486.3 138.5 402.9 901.4 155.3
628 620 720 915.2 605.5 529.9 781.9 15.8 665.1
847 212 283 925.9 386.8 695.2 447.2 966.6 620.7
713 953 893 991.1 578.2 468.8 830.6 799.3 71.3
28 302 409 218.5 922.3 89.7 536.5 465.8 506.6
153 775 515 697.7 193.5 506.7 772.6 503.1 98.6
60 182 837 163.8 325.4 910.2 916.7 505.6 516.5
172 825 536 724.2 177.2 347.3 107.6 791.6 676.6
274 132 21 606.6 494.6 107.9 491.8 390.2 461.7
425 164 318 30.5 930.9 597.8 490.3 621.3 222.2
634 283 738 90.9 221.2 400.9 381.2 338.9 630.4
396 701 797 223.5 54.2 818.7 978.1 280.3 660.9
474 722 964 905.1 79.4 824.5 893.7 204.8 371.8
142 3 234 839.2 766.1 212.6 214.8 143.8 54.1
810 620 805 11.7 576.1 497.8 747.6 566.9 64.1
682 708 544 29.2 520.8 68.4 136.2 428.3 365.4
698 785 382 782.1 117.3 442.9 839.5 927.5 891.9
790 646 446 79.8 547.8 442.3 421.1 259.9 202.3
693 80 216 149.1 123.9 43.8 167.3 783.5 261.5
174 103 92 514.6 703.5 917.6 865.6 756.8 689.5
712 662 492 805.8 88.3 826.5 144.9 768.8 904.9
878 979 877 398.9 356.6 198.7 307.4 420.7 543.8
380 7 955 476.7 677.2 862.6 604.6 519.2 199.3
479 2 25 956.4 422.5 12.5 993.1 958.6 60.1
234 227 897 439.4 3.6 391.5 377.4 280.8 626.6
656 967 444 279.2 417.2 510.1 429.7 769.5 222.1
655 43 60 457.8 218.7 54.1 539.3 514.1 18.3
68 774 640 756.6 313.8 182.6 359.5 525.2 213.7
892 820 10 28.4 444.3 885.2 721.5 705.3 154.2
800 639 782 80.8 693.3 330.3 306.7 697.1 664.9
148 762 861 160.3 782.3 323.5 37.8 430.7 4.9
588 133 319 705.3 667.8 38.7 485.3 795.9 931.5
629 287 995 627.7 535.9 594.2 473.4 935.7 84.4
843 156 172 577.4 157.9 274.7 734.8 157.5 461.8
787 686 39 168.3 908.1 162.2 421.6 354.8 734.9
309 465 17 580.8 641.5 88.5 362.2 608.7 483.9
169 72 54 663.8 170.1 963.3 154.7 700.5 182.8
259 131 529 195.7 471.3 237.9 954.7 408.4 698.9
355 824 602 701.7 958.8 772.5 476.7 614.2 700.5
806 389 731 152.7 547.2 169.5 516.7 382.6 933.4
379 507 460 214.7 168.1 645.4 83.4 802.1 149.2
74 65 135 188.8 375.8 191.3 368.9 376.4 284.3
372 364 589 479.8 908.5 246.1 281.8 111.1 57.3
538 114 223 457.3 531.7 509.7 518.9 746.7 816.3
531 382 970 896.5 356.8 135.1 612.9 103.2 726.7
278 577 965 876.2 242.5 153.9 391.9 427.1 447.7
852 76 101 969.8 899.9 149.6 287.5 633.4 849.6
140 555 124 911.9 388.2 822.7 713.6 796.4 740.2
561 375 614 31.2 85.6 303.9 25.5 83.3 524.1
633 91 40 75.2 961.1 639.8 603.1 857.9 450.7
562 878 796 187.1 836.9 617.5 357.7 200.3 56.7
359 844 47 231.6 521.9 930.4 431.5 224.6 257.1
636 345 373 28.6 809.4 929.1 566.6 342.4 88.7
664 594 886 626.1 870.2 50.2 149.5 551.8 636.6
479 176 370 810.8 196.9 682.1 395.1 253.2 925.9
48 55 371 765.6 364.9 942.4 808.9 247.4 64.9
378 572 586 233.7 73.9 841.1 204.9 196.4 481.4
212 884 322 949.3 661.8 509.1 250.4 673.6 677.6
240 45 852 663.5 67.3 509.5 365.1 863.3 950.3
869 807 482 329.2 337.9 507.1 829.7 882.5 910.7
942 587 985 603.8 591.3 721.3 142.5 453.3 732.6
143 396 46 729.8 757.6 415.8 253.8 339.1 730.4
505 680 439 580.7 742.1 222.3 743.4 598.7 443.1
745 787 856 197.4 321.2 755.8 371.5 65.3 16.9
275 841 74 798.5 553.6 892.3 815.9 322.8 527.1
672 947 843 142.4 949.5 531.8 589.5 875.5 596.1
448 253 867 5.2 533.3 570.9 152.2 595.4 928.6
621 263 746 494.9 399.3 802.6 545.9 401.1 234.8
543 421 971 734.7 873.9 679.3 635.2 400.6 685.6
929 832 588 507.1 249.9 876.3 288.9 829.7 153.7
950 541 292 96.9 89.9 912.1 647.4 129.1 385.2
956 91 618 17.6 949.6 507.4 455.9 719.6 231.3
917 714 674 617.8 35.5 732.2 630.9 948.5 626.7
830 670 302 484.7 291.1 369.2 216.7 628.5 629.6
119 782 202 837.6 311.8 105.4 498.9 724.5 633.3
530 251 911 646.4 581.2 951.1 61.5 786.3 150.8
940 326 368 622.7 643.4 940.3 909.5 684.8 722.9
236 449 50 527.8 517.6 595.4 229.9 936.1 580.4
967 279 541 819.8 490.2 754.2 955.7 240.5 16.9
984 264 306 279.5 18.5 64.2 963.1 985.7 435.6
655 663 405 883.8 578.7 898.1 280.2 994.5 123.9
101 436 395 445.7 261.6 930.7 761.1 932.2 390.3
72 603 497 42.3 859.8 295.7 970.3 381.6 825.3
966 151 190 513.7 708.4 105.9 438.5 168.6 445.8
873 518 281 855.9 108.9 776.2 481.2 11.4 222.7
62 324 434 35.3 29.4 923.3 668.4 202.6 236.6
331 253 664 353.1 66.3 238.4 255.4 401.8 341.1
894 786 999 222.2 728.2 221.9 595.8 410.2 47.2
704 640 307 211.2 501.8 420.1 445.3 478.3 861.5
720 844 60 968.9 371.7 795.6 589.9 739.3 262.7
787 714 972 941.8 237.1 903.7 79.8 57.7 541.5
740 553 129 514.6 956.3 338.9 688.3 905.6 625.3
995 731 474 819.2 734.1 875.2 634.9 716.2 858.5
313 939 231 424.4 880.7 19.7 486.6 342.6 18.5
859 445 740 885.4 985.9 9.9 544.8 759.2 140.1
724 937 336 904.3 257.6 212.6 87.7 350.2 229.4
713 201 986 516.9 782.6 308.2 965.1 107.2 790.1
656 192 679 581.9 762.6 380.1 274.1 654.7 928.9
932 152 592 187.4 431.4 351.2 439.3 756.7 176.2
358 85 918 532.3 54.5 231.5 961.1 528.3 582.3
868 111 340 603.4 785.1 872.9 263.7 201.9 199.2
351 933 377 931.9 835.6 53.9 746.7 978.2 355.7
188 95 443 286.1 753.1 636.4 923.1 791.9 137.7
783 327 888 188.8 236.9 445.6 975.3 554.7 485.7
96 127 416 734.1 424.5 355.5 674.5 979.7 752.3
180 281 885 30.4 821.7 543.4 813.1 376.4 683.8
849 703 836 258.9 320.4 607.1 743.8 136.3 768.5
416 135 616 635.9 652.1 761.8 775.1 878.8 480.4
94 15 44 640.5 540.3 19.5 709.5 80.2 984.2
904 891 181 633.6 171.7 205.4 89.5 255.1 912.3
644 431 731 584.1 613.7 435.8 693.7 151.2 979.5
662 205 768 155.6 550.5 3.5 486.6 919.3 869.1
967 722 645 923.4 200.9 419.3 513.2 330.8 514.2
673 130 41 611.5 446.4 720.6 651.9 504.8 478.8
400 743 338 330.1 655.2 195.3 712.9 448.5 119.2
682 352 283 799.5 819.5 372.3 946.2 828.2 907.9
145 547 896 140.3 563.8 933.4 869.3 32.7 500.7
373 659 628 575.2 614.6 125.7 720.6 836.6 587.2
581 768 153 537.1 803.9 113.7 701.7 242.8 270.2
115 190 175 9.9 12.8 637.8 393.6 864.7 861.5
535 605 90 283.7 842.4 574.7 553.7 586.6 937.3
997 448 650 128.5 360.4 214.3 855.6 915.8 138.3
477 765 883 944.4 95.4 330.5 428.5 609.9 172.4
798 848 160 124.1 156.8 181.7 456.6 149.9 964.2
936 83 541 776.6 171.8 653.6 953.5 474.5 968.6
992 703 816 449.8 848.6 259.7 364.6 725.6 10.1
630 864 559 192.3 587.7 24.1 714.5 696.4 657.3
582 554 271 883.7 220.3 514.1 391.4 555.5 830.2
590 396 241 95.4 573.3 432.2 995.1 785.7 194.2
447 139 440 739.6 109.4 852.6 443.9 458.2 385.7
583 654 579 93.8 87.6 169.3 103.1 992.8 459.9
823 83 354 328.2 362.5 370.5 905.6 719.4 115.2
524 217 82 595.3 209.8 637.2 523.4 903.7 333.4
695 373 343 261.3 719.5 117.6 506.5 301.7 23.4
990 803 221 283.1 130.3 866.5 637.1 788.9 375.2
862 656 736 130.6 577.3 208.9 567.7 870.7 401.2
999 492 884 388.9 321.4 139.9 578.1 628.1 457.9
424 994 350 735.8 866.6 604.1 355.4 699.2 315.3
572 170 759 540.1 229.8 615.4 546.9 866.1 310.3
800 641 153 876.9 41.9 739.1 636.1 691.1 61.4
272 515 529 90.9 486.8 641.7 939.1 65.3 524.8
146 42 597 35.9 569.9 842.7 351.3 872.2 27.4
986 260 725 408.1 508.6 358.4 134.7 850.1 3.9
76 859 974 137.7 231.5 11.4 700.5 59.9 712.4
803 517 717 49.9 434.3 981.2 923.6 736.9 574.5
372 678 130 202.2 960.7 147.9 84.2 59.6 478.7
554 116 444 863.3 959.7 997.1 192.2 789.8 975.3
473 639 894 188.7 864.5 942.3 910.8 453.5 618.7
454 435 429 921.4 673.9 668.6 565.5 859.9 549.8
431 750 366 504.6 989.2 174.3 109.2 686.1 277.4
370 343 125 342.6 236.7 878.9 18.8 598.3 772.2
851 871 860 750.7 155.4 800.9 473.3 227.1 268.5
860 131 264 881.3 599.1 450.8 475.1 489.8 39.4
657 302 819 474.5 92.2 230.1 237.2 455.2 94.2
844 240 9 221.6 920.9 461.1 864.7 790.3 562.1
925 403 320 304.7 127.7 137.1 143.2 610.7 920.3
913 925 270 844.7 494.8 542.3 220.7 471.5 479.5
997 495 386 309.5 850.8 313.9 636.3 883.7 661.8
897 386 876 971.4 305.9 937.4 416.8 160.4 298.8
367 604 544 201.1 570.8 103.6 227.7 884.5 276.3
224 345 22 914.6 313.6 141.3 790.1 131.3 849.4
988 631 898 103.7 88.7 413.9 167.3 780.5 379.7
43 592 268 437.1 226.7 499.5 309.5 730.7 853.5
68 794 807 90.8 183.3 703.8 113.2 88.5 325.8
838 220 562 615.1 212.6 798.6 536.8 237.1 772.6
556 200 394 417.7 997.7 796.2 534.2 914.1 136.4
39 631 612 478.4 49.8 300.1 563.8 646.1 103.9
536 18 611 441.2 933.3 8.9 910.8 943.9 606.6
158 626 452 903.9 836.1 910.5 136.6 110.2 182.5
605 620 792 100.8 153.8 342.5 478.3 41.8 488.4
199 397 398 607.6 897.6 385.3 693.7 677.3 506.9
836 78 711 50.9 869.1 781.6 493.2 684.5 890.8
854 714 428 89.1 708.3 349.3 511.6 17.2 536.9
235 737 982 962.8 378.3 524.4 791.8 427.9 816.9
684 885 731 923.1 803.1 262.8 564.5 746.6 391.1
895 975 398 33.8 86.2 688.6 751.6 648.5 435.5
252 900 172 655.4 829.4 182.9 786.9 197.1 434.3
286 825 155 961.9 877.1 182.5 39.1 642.3 190.7
551 49 923 677.8 346.3 364.7 702.7 389.5 542.1
166 907 833 244.8 479.5 611.5 930.8 542.2 544.9
649 829 255 926.9 854.7 975.3 258.3 971.8 580.5
451 340 292 618.8 317.8 593.9 737.7 947.6 900.9
809 344 985 771.2 526.1 318.8 700.4 900.9 947.1
57 342 316 844.2 929.8 587.2 778.8 513.8 488.4
544 799 374 759.9 378.1 26.4 617.8 728.5 222.7
390 924 422 322.3 447.5 226.2 64.7 565.4 293.8
940 535 515 873.7 371.7 245.1 870.5 737.1 701.1
687 96 726 807.9 396.9 218.9 273.4 25.3 234.2
401 83 75 133.6 748.4 838.9 874.3 81.6 444.2
154 655 665 315.1 143.1 673.4 899.6 766.3 476.3
580 614 301 333.7 846.6 299.4 254.8 526.3 951.1
750 301 387 708.7 120.6 894.3 273.1 957.1 512.1
992 726 739 498.1 701.4 445.7 176.4 63.5 990.3
327 528 24 241.4 584.2 193.7 832.5 213.8 909.7
530 893 250 684.9 205.6 890.5 538.3 391.1 840.4
818 904 995 789.6 525.9 715.9 198.9 847.3 633.3
657 713 420 357.3 453.2 762.3 840.7 883.1 857.7
969 998 277 503.9 774.1 767.6 551.2 74.2 588.5
345 245 688 301.2 226.5 293.8 705.3 580.1 502.2
180 305 862 881.2 268.6 131.9 807.8 749.6 61.2
39 2 319 774.6 358.4 161.3 532.8 576.4 490.4
472 475 966 607.9 486.8 634.3 887.1 147.6 234.5
459 131 473 546.8 49.4 860.5 852.4 296.7 487.5
523 458 742 814.6 448.9 790.4 180.9 723.4 138.3
799 674 436 991.7 945.5 14.4 57.9 380.6 717.2
6 537 644 502.4 779.9 148.9 779.3 562.8 856.9
153 370 576 423.4 227.7 912.9 793.5 670.9 991.3
164 915 61 924.8 517.7 132.3 191.8 515.4 338.1
841 690 517 342.7 719.1 207.9 941.2 492.9 932.8
393 639 594 772.1 467.8 170.6 198.5 834.2 203.2
110 380 808 233.5 659.2 556.6 891.5 153.7 891.6
120 71 231 676.9 738.7 580.7 422.3 708.8 300.1
83 727 64 135.7 901.5 829.3 273.6 41.1 781.7
908 56 16 327.6 131.3 323.2 206.7 632.3 300.6
622 447 399 139.6 435.3 89.4 264.9 440.7 171.1
219 870 682 821.5 394.3 72.4 858.9 38.2 759.8
553 677 209 519.9 905.6 918.8 273.4 956.1 304.8
940 565 438 277.3 288.8 831.4 840.6 81.5 411.9
537 708 678 69.7 609.8 904.7 664.3 608.9 187.6
936 702 437 195.2 221.8 87.8 314.4 751.1 998.2
312 157 442 10.6 538.2 150.5 785.7 285.4 418.7
502 572 254 967.2 353.6 885.6 670.2 846.5 49.5
857 635 695 795.7 563.8 668.9 824.8 909.8 404.2
596 653 372 407.9 441.1 808.6 43.2 607.2 247.3
771 5 509 151.8 973.9 328.8 900.4 107.5 470.5
994 151 766 633.2 929.6 609.9 574.1 288.4 281.6
452 416 712 678.8 485.6 481.7 81.3 340.7 841.2
552 255 675 578.6 636.5 496.8 731.5 659.7 352.9
745 676 225 375.6 622.2 432.7 721.1 570.6 287.8
993 450 226 110.4 634.3 331.4 229.1 546.4 601.6
153 816 666 13.2 3.9 914.1 800.2 5.5 231.8
113 80 203 477.7 749.5 970.2 898.8 223.7 666.8
480 427 377 523.1 983.8 682.9 379.1 738.6 780.2
675 642 941 902.8 828.8 935.5 46.9 769.9 473.8
975 580 848 570.1 336.8 760.8 25.3 406.1 845.4
297 432 236 940.4 677.6 298.2 309.6 726.1 73.2
779 136 752 346.4 351.4 155.8 846.3 872.4 627.5
502 884 152 876.7 610.5 68.8 538.9 127.7 441.2
579 649 128 501.3 801.7 162.6 803.7 750.2 950.6
156 476 858 253.7 185.7 543.9 155.2 734.5 519.3
942 710 591 534.9 709.7 898.7 785.4 285.8 74.2
159 412 418 781.8 283.7 545.9 281.6 109.2 753.5
411 347 640 261.6 926.9 683.9 886.2 71.2 160.4
312 566 841 98.8 15.8 784.5 465.9 966.1 499.2
346 192 163 148.3 524.6 49.7 298.4 866.6 546.4
470 389 991 141.3 299.8 752.7 817.8 940.3 972.8
993 340 748 850.7 382.1 2.9 909.1 340.4 704.8
206 556 602 682.9 339.6 297.6 715.2 555.2 325.8
60 851 216 349.8 813.6 452.6 26.7 455.6 630.7
245 596 695 875.7 46.7 128.5 264.7 518.5 610.6
51 266 447 297.8 397.1 913.4 796.1 625.9 864.3
762 747 291 612.7 746.8 49.4 310.5 467.1 83.5
764 520 312 970.6 909.4 979.8 562.9 54.9 139.8
711 246 556 833.3 385.9 748.3 619.7 278.7 923.3
218 326 661 952.9 429.8 799.9 20.6 805.7 869.3
712 964 716 665.9 386.7 996.1 705.3 26.1 569.1
308 808 949 216.5 145.7 746.1 184.2 553.8 634.4
206 506 793 426.6 779.3 455.1 73.4 372.5 169.6
789 183 909 58.7 938.9 374.8 648.2 948.3 371.1
240 1000 754 670.9 820.4 150.9 348.8 744.4 800.5
862 329 189 314.2 350.2 781.6 706.1 595.6 390.8
484 793 963 847.6 860.3 354.9 276.7 658.8 240.1
437 940 84 394.8 586.4 708.4 945.1 318.8 536.9
878 390 85 677.8 130.7 104.5 122.3 840.8 795.6
774 392 798 101.1 955.8 702.6 770.2 16.8 185.9
485 159 959 782.1 619.3 26.1 630.6 508.1 964.4
36 884 468 187.2 842.6 593.4 759.5 128.1 908.5
224 470 7 918.7 204.8 889.7 203.8 629.6 77.6
758 399 81 50.6 735.6 446.3 38.6 675.2 282.2
629 964 763 693.1 766.5 866.8 914.5 977.6 496.4
509 526 169 895.4 231.2 119.7 547.9 805.1 662.3
580 532 583 997.2 987.5 200.8 982.1 559.1 901.9
475 453 368 776.5 90.8 345.8 184.1 564.1 610.9
741 890 123 424.8 337.9 351.3 556.8 125.8 792.7
532 419 223 583.3 840.2 1000.8 176.1 86.9 974.5
367 963 543 23.3 708.3 574.5 640.7 736.6 897.4
314 845 583 92.2 239.9 544.8 252.5 204.5 658.8
206 618 423 304.3 478.8 429.1 490.9 996.4 565.7
662 317 850 711.4 274.5 298.6 782.2 852.6 138.6
533 105 919 298.4 169.9 610.3 762.4 400.5 135.4
160 568 126 699.6 691.1 179.6 29.3 573.8 266.8
386 303 813 54.4 695.5 209.5 218.8 147.1 742.8
962 952 247 32.3 507.5 931.9 365.8 51.8 160.1
193 241 670 440.7 149.2 115.1 85.9 889.7 796.3
984 244 623 155.7 1.1 844.9 842.5 13.2 287.6
192 546 897 471.3 689.1 871.2 838.4 190.8 322.9
4 193 863 990.2 599.5 447.1 892.7 318.3 74.6
386 528 444 892.9 150.5 884.8 457.9 444.3 236.6
409 330 287 454.3 344.5 701.2 957.6 816.9 123.9
321 922 972 512.2 757.1 880.6 537.4 736.8 58.1
145 700 691 976.7 387.2 381.1 752.2 640.8 63.3
974 770 886 55.4 795.8 229.1 387.4 843.5 638.2
420 294 675 92.7 607.7 596.9 887.2 89.6 397.6
850 240 501 605.5 410.9 510.7 36.3 613.2 887.8
687 564 836 960.7 646.1 265.2 332.3 667.6 110.2
652 3 733 661.6 782.6 646.6 476.6 184.1 791.7
201 162 684 775.9 164.9 275.6 559.3 656.1 17.2
101 882 304 363.1 796.5 453.1 275.6 472.5 937.8
260 143 183 228.3 891.4 654.3 751.7 727.9 867.1
55 996 1 719.9 222.4 351.9 10.5 81.7 426.8
769 9 157 838.7 602.7 868.2 635.2 747.1 375.3
67 886 91 773.8 580.3 707.3 309.6 65.7 38.8
543 490 70 101.6 545.1 73.4 616.5 535.9 415.4
202 770 939 831.5 270.9 664.6 954.1 481.9 41.5
303 659 160 162.3 203.9 839.8 53.7 300.5 72.4
198 593 561 880.9 624.2 459.5 859.7 247.5 618.5
869 36 556 13.8 219.2 462.5 861.3 73.5 745.8
297 662 416 277.8 650.3 430.3 717.9 368.3 160.6
673 69 32 904.5 710.2 322.1 630.3 207.9 459.5
906 198 26 37.2 52.7 659.8 528.1 861.8 465.2
832 227 561 77.4 802.1 110.3 660.1 960.2 559.6
743 434 867 653.1 449.5 230.2 297.7 174.5 144.3
486 62 441 485.3 857.5 32.9 106.4 548.7 253.5
386 76 567 432.5 575.2 135.9 263.7 141.6 494.8
450 733 934 237.7 155.5 129.9 218.7 253.6 157.8
925 512 971 405.3 418.8 760.3 318.2 966.8 15.3
598 77 599 893.4 940.2 481.5 749.1 920.2 501.4
584 548 434 932.7 942.3 363.3 321.1 611.4 295.2
616 352 996 130.9 656.3 230.9 38.5 753.7 792.9
802 51 650 795.8 793.4 922.1 565.3 674.2 509.7
109 451 870 189.1 989.9 838.7 223.8 520.3 701.2
149 9 116 405.1 691.9 574.7 608.5 217.4 803.8
371 92 616 558.2 437.4 571.1 17.1 947.8 264.5
511 484 287 683.4 56.5 453.9 54.9 444.6 342.2
248 875 994 626.6 143.7 443.6 415.8 90.8 98.4
741 184 381 392.7 359.3 363.2 677.8 269.1 713.7
670 903 272 431.3 572.4 837.2 629.7 549.4 652.6
835 747 641 694.6 584.7 508.9 979.6 909.1 290.4
178 670 523 781.4 804.5 81.3 762.7 674.9 513.9
664 243 599 854.2 332.1 533.1 263.8 818.5 193.4
312 3 563 408.6 637.5 125.2 340.1 293.3 777.7
684 12 629 486.4 713.1 125.9 859.8 318.6 831.9
309 311 217 952.5 947.6 830.9 903.6 462.2 923.5
615 610 14 270.6 387.6 335.4 555.8 685.1 853.1
193 791 493 531.5 661.8 829.3 666.4 148.9 615.7
317 878 528 408.5 921.2 57.5 682.4 578.3 648.7
732 113 548 79.5 665.4 633.1 442.1 960.3 469.9
549 834 984 469.6 593.7 52.6 871.6 846.3 820.9
330 353 523 11.5 887.5 782.5 161.8 50.8 594.4
701 620 394 923.4 427.8 965.4 826.3 30.2 748.3
432 675 174 115.3 556.7 875.9 348.7 514.6 258.2
404 203 333 634.2 686.2 661.9 165.6 232.5 146.7
883 742 338 739.5 320.4 684.5 55.7 936.2 95.9
511 344 189 99.4 959.5 920.7 161.3 418.7 157.8
499 488 784 113.4 336.9 586.6 837.7 3.4 398.8
638 61 362 261.6 722.2 888.7 596.1 534.8 864.1
842 747 30 167.3 292.6 756.2 719.8 308.8 761.1
153 304 890 418.5 949.4 749.2 837.1 14.1 190.3
496 528 253 476.3 393.2 343.4 816.3 191.5 315.5
960 859 558 812.2 373.4 41.5 699.3 892.6 867.6
861 782 739 145.3 40.4 315.6 171.9 530.4 146.1
843 79 763 238.2 87.2 215.3 519.1 181.6 66.1
261 406 666 50.8 431.9 484.2 375.9 931.3 735.9
284 770 616 159.7 807.5 377.6 233.3 75.1 79.8
840 128 388 767.2 417.9 287.7 957.7 986.5 588.4
326 429 35 930.7 574.9 987.8 337.1 973.5 608.9
650 138 533 59.2 934.7 376.6 433.1 690.9 773.5
167 268 550 795.2 363.5 873.5 833.8 160.1 620.7
35 67 609 334.8 571.6 398.2 29.5 691.4 861.5
194 411 25 508.8 171.2 193.2 84.2 123.7 768.6
973 601 224 454.7 148.3 937.3 599.4 970.6 62.4
922 529 690 692.5 360.6 733.2 402.4 91.7 965.6
574 831 985 259.1 955.5 635.3 856.3 333.6 617.4
502 476 155 892.6 329.8 965.9 338.9 866.4 449.5
338 703 250 314.5 360.5 61.7 357.1 106.8 450.6
968 581 565 680.5 123.7 298.2 210.3 323.2 274.4
467 816 859 117.3 440.1 275.5 628.5 554.7 57.6
144 522 429 719.3 707.6 189.5 430.1 598.4 972.8
964 600 848 283.9 856.9 391.1 761.1 760.9 782.5
286 312 326 970.2 953.9 411.5 819.2 26.1 207.8
634 642 788 270.9 793.4 348.4 92.6 754.5 921.2
385 1 533 672.4 727.6 5.9 736.9 372.2 620.5
925 428 939 663.6 215.5 187.4 127.3 482.4 255.1
526 866 530 742.6 665.2 408.6 923.2 778.3 730.4
603 549 317 724.5 954.3 397.7 100.1 613.1 702.1
921 599 860 949.9 577.1 643.4 5.1 985.4 666.1
386 15 471 248.1 406.9 284.9 964.3 265.3 202.5
896 773 195 206.5 672.9 54.6 246.5 534.7 760.9
634 33 88 867.5 952.2 438.1 437.3 590.5 76.8
417 255 519 919.3 857.2 798.8 53.2 397.5 721.3
940 69 7 463.7 402.2 700.5 890.8 518.9 656.1
330 333 193 474.4 71.4 817.8 525.7 522.8 59.2
806 593 502 940.3 715.3 459.1 952.5 199.6 608.3
906 242 694 272.1 5.5 177.7 475.2 264.4 443.8
578 27 79 966.5 322.2 315.9 946.7 594.4 225.1
921 233 696 184.1 792.8 561.7 441.3 967.2 916.1
421 370 28 93.6 548.3 602.4 445.1 275.8 810.8
1 517 530 377.7 431.5 272.3 782.5 105.3 53.6
999 329 536 973.3 297.6 29.1 625.4 322.9 638.1
663 809 369 141.3 220.7 641.8 52.4 441.6 499.3
544 520 689 836.9 406.6 982.2 166.4 979.5 593.1
165 351 599 712.5 132.3 958.7 285.3 426.5 322.3
706 853 412 894.5 202.9 471.6 402.9 588.6 131.2
739 381 599 470.7 732.2 918.3 294.3 24.9 239.7
2 228 429 639.9 214.7 9.2 883.3 526.9 230.3
284 779 326 368.9 514.5 472.3 389.6 156.5 341.9
712 987 215 937.3 271.9 658.3 408.8 897.8 103.3
696 48 921 554.3 348.5 267.4 38.9 878.7 731.3
618 75 929 883.4 381.7 473.9 442.5 602.5 377.1
47 167 466 843.5 471.4 528.1 255.7 362.4 668.8
626 924 31 213.5 575.3 927.1 969.5 714.8 339.9
66 825 93 275.2 99.5 72.4 398.6 165.1 665.4
365 21 768 460.2 915.5 608.7 74.9 674.6 582.1
71 604 555 798.1 173.6 242.3 870.1 505.9 577.5
450 198 749 806.8 292.4 627.6 180.9 223.2 875.7
629 393 211 535.3 901.4 847.2 775.5 285.6 184.2
933 93 638 963.6 266.5 407.9 774.4 738.7 913.9
272 798 974 645.6 794.7 171.1 484.9 367.1 930.1
271 564 137 360.8 406.8 430.9 316.6 946.2 967.9
543 948 303 699.5 899.9 188.8 732.8 368.1 360.7
96 157 670 122.2 851.8 306.1 883.9 239.9 960.5
182 285 310 125.2 384.8 785.5 865.1 585.8 611.1
936 613 491 63.7 30.1 639.3 627.2 536.3 405.7
112 736 532 562.8 641.8 632.5 10.9 682.3 798.6
447 42 521 318.1 688.5 681.9 101.9 42.9 5.9
110 862 672 676.8 788.4 744.1 649.8 146.6 242.2
623 996 565 379.2 584.9 779.5 146.9 567.6 643.8
682 714 199 654.6 109.7 247.8 469.9 290.8 97.2
16 337 950 253.7 972.8 103.1 45.5 102.6 496.2
410 769 722 191.2 709.6 752.2 632.9 886.1 109.6
940 456 385 809.2 42.9 681.1 767.5 315.1 104.4
405 271 163 582.4 649.8 229.3 285.6 814.9 296.1
762 233 832 929.2 965.9 160.2 7.1 285.8 428.9
958 529 210 149.9 714.6 701.9 230.8 397.7 540.5
634 224 101 345.4 478.7 975.4 816.9 87.5 596.8
789 360 284 698.1 155.1 26.6 37.5 252.7 769.3
709 220 751 660.9 376.6 241.1 46.8 4.1 808.9
193 35 452 685.4 292.6 536.8 384.2 926.6 126.7
582 648 480 989.6 558.9 388.3 142.6 658.8 195.2
608 359 942 525.9 517.8 933.5 153.6 2.8 847.9
353 262 987 229.9 252.6 717.9 449.8 226.7 819.7
311 918 966 11.4 74.5 958.8 140.8 6.8 729.3
678 619 890 328.6 408.2 172.7 864.2 293.2 197.5
239 255 537 234.1 354.7 730.8 895.6 731.3 783.4
381 23 366 926.9 943.7 203.6 574.1 257.9 230.1
633 539 756 363.4 983.7 902.9 141.9 83.7 462.4
88 700 401 490.2 224.6 745.9 280.5 782.7 276.8
86 877 889 144.1 394.9 353.5 857.7 850.1 708.8
521 238 372 73.2 282.3 894.4 48.9 566.4 461.7
75 228 846 370.4 551.9 231.3 211.5 645.1 172.3
467 680 591 513.5 606.5 52.9 766.7 137.4 581.9
59 41 21 279.8 855.8 570.1 304.3 1000.1 271.8
394 64 547 880.3 801.8 671.4 301.9 493.3 733.2
81 261 976 290.1 304.9 813.2 481.5 378.2 362.7
676 928 750 808.7 714.4 163.9 968.1 952.4 729.2
368 499 239 562.6 823.3 267.8 114.5 581.1 420.6
532 698 88 851.3 396.4 68.5 373.5 801.3 222.8
8  7 10   2.0  3.0    1.5  3.0    1.0  3.0
8  9 10   2.0 3.0     1.5 3.0     1.0 3.0
597 767 966 928.8 93.4 658.8 250.8 249.3 16.1
1 1 1 0 0 0 0 0 0
5 5 5 1.5 1.5 1.5 1.5 1.5 1.5
4 4 4 1.5 1.5 1.5 1.5 1.5 1.5
20  6 20   3.0  4.5    0.5  1.0    4.0  5.0
1 1 1 1.5 1.5 1.5 1.5 1.5 1.5
6  6  6   0.5  1.0    0.3  2.0    0.4  1.0
10 10 10   2.0  3.0    1.0  2.0    1.5  3.5
20  6 20   3.0  4.5    0.5  1.0    4.0  5.0
8  7 10   2.0  3.0    2.5  3.0    2.0  3.0
0  0  0   0.0  0.0    0.0  0.0    0.0  0.0
