280297
131478
56957
9412
27213
10930
29109
440883
161178
669522
122231
697467
260801
510907
7157
26113
465821
203059
111362
466506
724626
94486
41667
268245
64987
65571
436262
92290
257951
28653
370562
45277
224323
5127
293971
316563
360066
581297
421487
18886
243110
17392
169725
303453
106790
320551
260871
533887
244377
69165
525018
531513
1245
177481
450131
69467
664913
370309
578609
404811
10686
148729
103645
60330
358823
42018
219240
43457
52991
78122
274315
155745
75378
19397
154601
77121
510121
12807
64789
553151
81541
1055
413483
76411
87
464247
496673
410331
168325
103633
520068
38543
54962
508823
70081
278218
3199
84346
621111
515473
